TIME 50
781
23374
557
23374
509
23374
637
23374
540
23374
TIME 100
1119
23374
321
23374
1052
23374
1028
23374
893
23374
TIME 150
942
23374
1112
23374
1411
23374
783
23374
1254
23374
TIME 200
1213
23374
1280
23374
865
23374
1444
23374
1320
23374
TIME 250
1441
23374
1673
23374
902
23374
1551
23374
1814
23374
TIME 300
1562
23374
1857
23374
1203
23374
2124
23374
1768
23374
TIME 350
1570
23374
2084
23374
1895
23374
2314
23374
2082
23374
TIME 400
1781
23374
2064
23374
2074
23374
2491
23374
2068
23374
TIME 450
1875
23374
2178
23374
2073
23374
2184
23374
2114
23374
TIME 500
2224
23374
2369
23374
2067
23374
1262
23374
2492
23374
TIME 550
2407
23374
2435
23374
1836
23374
2072
23374
1762
23374
TIME 600
2160
23374
2140
23374
2823
23374
2724
23374
2374
23374
