TIME 50
4141
52104
4175
52104
3231
52104
3415
52104
2748
52104
TIME 100
3766
52104
3648
52104
4103
52104
3709
52104
4114
52104
TIME 150
4390
52104
4347
52104
5748
52104
5034
52104
4907
52104
TIME 200
5915
52104
5376
52104
5165
52104
5341
52104
5085
52104
TIME 250
6875
52104
7100
52104
7090
52104
5342
52104
6738
52104
TIME 300
5885
52104
6639
52104
6799
52104
5552
52104
6954
52104
TIME 350
6998
52104
5573
52104
8295
52104
7534
52104
6144
52104
TIME 400
6405
52104
7421
52104
7697
52104
6343
52104
6603
52104
TIME 450
8130
52104
5807
52104
6941
52104
6853
52104
4225
52104
TIME 500
7634
52104
8498
52104
6895
52104
6731
52104
6404
52104
TIME 550
7986
52104
8569
52104
8097
52104
8946
52104
7880
52104
TIME 600
8603
52104
7864
52104
9952
52104
8419
52104
7274
52104
