TIME 50
3108
52104
3617
52104
3153
52104
3060
52104
3731
52104
TIME 100
3207
52104
4959
52104
6350
52104
5910
52104
6441
52104
TIME 150
6942
52104
5934
52104
6878
52104
6624
52104
6534
52104
TIME 200
6754
52104
3599
52104
5856
52104
7172
52104
5379
52104
TIME 250
7877
52104
9029
52104
7274
52104
6185
52104
6522
52104
TIME 300
8577
52104
8398
52104
7773
52104
7227
52104
6863
52104
TIME 350
9001
52104
9088
52104
8562
52104
8070
52104
8436
52104
TIME 400
8447
52104
8535
52104
10914
52104
9462
52104
9917
52104
TIME 450
10258
52104
10106
52104
11809
52104
9388
52104
9732
52104
TIME 500
7011
52104
6398
52104
10512
52104
8559
52104
10448
52104
TIME 550
9515
52104
5958
52104
11228
52104
9868
52104
10074
52104
TIME 600
10770
52104
6763
52104
10217
52104
10887
52104
10912
52104
