TIME 50
4046
52104
3497
52104
3465
52104
3309
52104
3424
52104
TIME 100
5510
52104
2118
52104
4902
52104
4472
52104
5103
52104
TIME 150
5258
52104
6045
52104
7094
52104
4515
52104
6564
52104
TIME 200
6302
52104
6437
52104
4855
52104
7352
52104
6469
52104
TIME 250
7068
52104
7945
52104
5179
52104
7037
52104
9005
52104
TIME 300
7606
52104
8127
52104
5760
52104
8707
52104
7743
52104
TIME 350
7339
52104
9293
52104
8498
52104
9796
52104
9356
52104
TIME 400
8460
52104
9434
52104
9542
52104
10299
52104
9271
52104
TIME 450
8478
52104
9400
52104
9560
52104
9496
52104
10062
52104
TIME 500
9249
52104
10205
52104
9786
52104
6227
52104
10153
52104
TIME 550
10509
52104
10573
52104
8462
52104
9059
52104
8396
52104
TIME 600
9758
52104
9411
52104
11845
52104
11569
52104
10459
52104
