TIME 50
794
23374
769
23374
497
23374
516
23374
359
23374
TIME 100
624
23374
598
23374
749
23374
617
23374
690
23374
TIME 150
791
23374
968
23374
1147
23374
949
23374
801
23374
TIME 200
1239
23374
1138
23374
923
23374
1087
23374
1014
23374
TIME 250
1488
23374
1394
23374
1600
23374
980
23374
1466
23374
TIME 300
1289
23374
1452
23374
1508
23374
993
23374
1561
23374
TIME 350
1432
23374
1124
23374
1840
23374
1664
23374
1315
23374
TIME 400
1394
23374
1658
23374
1696
23374
1355
23374
1401
23374
TIME 450
1674
23374
1078
23374
1493
23374
1422
23374
764
23374
TIME 500
1724
23374
1944
23374
1455
23374
1501
23374
1370
23374
TIME 550
1788
23374
2088
23374
1724
23374
2150
23374
1927
23374
TIME 600
1917
23374
1605
23374
2366
23374
1945
23374
1619
23374
