TIME 50
560
23374
749
23374
447
23374
535
23374
571
23374
TIME 100
437
23374
904
23374
1253
23374
1284
23374
1336
23374
TIME 150
1501
23374
1172
23374
1400
23374
1262
23374
1272
23374
TIME 200
1549
23374
555
23374
1178
23374
1497
23374
1095
23374
TIME 250
1799
23374
2006
23374
1608
23374
1297
23374
1529
23374
TIME 300
1792
23374
1884
23374
1527
23374
1434
23374
1433
23374
TIME 350
2016
23374
2081
23374
1926
23374
1757
23374
1809
23374
TIME 400
1851
23374
2093
23374
2585
23374
2224
23374
2359
23374
TIME 450
2457
23374
2349
23374
2719
23374
2067
23374
2268
23374
TIME 500
1361
23374
1388
23374
2389
23374
2008
23374
2353
23374
TIME 550
2093
23374
1119
23374
2755
23374
2327
23374
2343
23374
TIME 600
2572
23374
1421
23374
2226
23374
2625
23374
2564
23374
